100169 100563 100643 100646 10074
100766 100987 100992 1010 101015
101026 101073 101084 101793 101927
102047 102151 102298 102793 102797
102807 102965 10334 103444 103454
103561 104202 104570 104594 104636
104669 104688 10500 105251 105273
105692 10632 106725 106832 106932
1070 107157 1073 107580 107582
107727 1078 107896 107909 107927
108070 108175 108345 108371 10845
108518 10864 108905 109338 109350
109475 109493 109713 109785 109816
109844 109970 11001 110017 110087
110148 110394 110774 110865 11092
110988 110998 111035 111194 111273
111397 111424 111425 111723 111746
111807 111868 112147 112272 112279
112417 112489 112550 112635 112672
11281 112917 113070 113093 113214
113323 113416 113904 114000 114025
114185 114222 114449 114496 114546
114804 114873 11499 115027 115107
115482 115590 115605 115725 115772
115904 115909 115948 116042 116160
116195 116198 116254 116321 116346
116351 116420 116449 116477 116509
116523 116653 117081 117120 117201
11749 11766 117661 117710 11779
117876 117903 117954 117970 118015
118142 118489 118506 118665 118724
118751 118758 118798 11885 118891
119129 119188 119240 119314 119334
119346 119380 11943 119554 11963
119709 119787 12017 120301 120363
120421 120479 120626 120634 120798
121185 121207 121409 121443 121453
121659 121739 121945 121999 122189
122268 122419 122428 122465 122506
122586 12296 123042 1231 123157
123219 123546 123589 123608 123923
123944 124003 124104 124239 124711
124863 124926 124973 124974 125003
12505972 125130 125146 125933 126036
126053 126084 12620 126399 126449
126463 126523 126544 126751 127046
127060 127200 127268 127284 127307
127385 127447 127472 127829 127913
128179 128236 128473 128792 128868
128948 129330 129350 129434 129508
129694 129867 130085 13019 130201
130292 130326 130418 130658 130780
130805 130928 131147 131405 131500
131512 131583 131653 131742 13207
132176 132218 132368 132488 132569
132769 133013 133106 133141 133274
133435 133547 133848 134046 134086
134159 134191 134251 134302 134449
134458 134459 13472387 135029 135260
135329 135369 135566 135569 135636
1357 135806 135901 136082 136182
136208 136469 1365 136539 136666
136681 136735 13679 137196 137247
137430 137575 137654 137689 137736
137891 137896 138192 138388 138559
138742 138828 138997 139002 139086
139110 139415 139439 139598 139615
13969 139693 1399 139986 140144
140218 140223 140371 140637 140661
140672 14099209 141356 141430 141457
141469 141476 141593 141757 142391
142447 142760 14301875 143265 143289
143475 143479 143580 143981 144264
144318 144490 144685 144766 145072
145309 145439 145541 145790 145844
146000 14636 146949 147117 147237
147425 14744 147632 147722 14774
147775 148208 148223 148243 148323
148683 14870 148846 14895 149134
149240 149294 150207 150400 150518
150582 150594 150694 150753 150807
150811 150841 151006 151088 151222
151268 151351 151408 151439 151503
151606 15175 151992 152119 1526
15260 153229 153472 154020 154170
154350 154382 154568 155145 155410
155439 1556 156089 156095 156123
15658 156602 15670 156780 15687
15690 157112 157154 157538 157636
157715 157906 157987 15831 158358
158795 158866 15896 159499 159617
159744 159799 159864 16083 161076
161186 16126 161421 161653 161771
162371 162401 162565 162695 162864
162871 163072 163466 1654 16773
16897 17224 1734 17634 17663
17845 1795597 18195 182000 1835
18687 18737 1905 19169 19365
1947 19763 19778 1979 19803
19973 20087 20095 20109 20206
20286 20528 20929 21115 2114
21206 21380 21388 21407 21464
21469 21609 2167 21695 21856
21914 21987 2217 22175 22178
22358 22658 22984 23055 23328
2335 23396 23490 23878 23994
24008 24227 24245 24454 24508
24512 24529 24635 24780 24830
24844 24934 25041 25150 25265
25326 25431 25656 2578 26037
26152 26196 26345 2665 26719
26964 26984 27001 27090 27228
27418 27456 27651 27659 27802
28009 28326 28387 28423 28432
28457 28491 2851 28526 28782
28798 28922 29359 29477 29549
29719 29877 29911 30022 30305
30515 30614 30831 30854 308577
31175 31322 31444 31513 31775
31832 31906 32019 32065 32245
32254 32290 32341 32374 3256
32680 32794 3303 33142 33180
33523 33622 33816 33821 33982
33996 34040 3413 34360 34471
34633 34675 34692 3472 34787
34889 35221 35250 35304 35340
35617 35828 35862 35917 36059
36230 36318 36349 36404 36419
36587 3687095 37533 37535 37751
38152 38227 38597 38598 3861
38624 38635 38646 38658 38659
39002 39311 3953 3954 39751
39770 40177 40360 40450 40754
40913 41015 4113 41271 41274
41276 41383 41491 41504 41778
41848 42282 4260 42812 42877
43195 43374 43659 43866 44408
44672 44831 45185 45330 45652
46120 4666 4691 46931 47052
47595 4760 47702 47902 48352
48653 48836 48876 48897 48906
48969 49443 49460 50027 50230
50359 50411 50458 50676 50677
50682 50693 50778 50874 51273
51303 51483 51611 51664 52368
52495 53036 53159 53253 53500
53512 53555 5356 5369 54136
54175 5419 5567 55688 55766
55832 55858 56007 56588 56617
56633 57111 5751 57602 5762
57642 57843 57993 58116 58410
58495 58597 58603 58644 5876
5914 59156 59215 59256 59370
59399 59405 5947 59496 59551
59592 59604 59771 5978 59906
59926 60199 60341 60383 60700
60891 61056 61157 61165 61322
61480 6157 6168 61700 61769
61788 61829 61855 62085 62125
62305 623231 62479 62743 6328
63295 63328 63531 63630 63658
63916 6421 64382 64523 64669
65128 65141 65236 65432 65734
65829 65840 65852 66054 66380
66524 66865 66886 6689 670
67246 67287 6753 67536 67981
68029 68245 68386 6852 68532
68545 68625 68726 69236 696
6982 70147 70181 70218 70350
70528 70659 70727 70887 71611
7176 71788 71975 7222 7224
72431 72677 72740 72758 72887
73016 73059 73463 7372 7402
74425 74510 75472 75773 76193
76492 76568 7685 76929 77163
7736 77368 77396 77414 77643
7766 77845 77854 77894 7810
78371 78713 78966 79374 79376
79533 79843 7986 79866 80059
8020 80225 80517 81492 81588
81928 82001 82160 82247 82512
82972 83011 83133 8352 83737
839 84217 84227 84237 84306
84443 84573 84600 84999 8507
85158 85277 85495 85694 86419
87179 87433 87682 87774 88011
8803 88151 88807 88915 88922
89061 898 9011 90111 90270
90301 90323 90694 90850 91178
91203 91450 91547 91577 91608
91941 91982 91990 91991 92046
92265 92556 92788 93044 93208
93264 93388 93598 93660 93997
9430 94567 94721 94849 94869
95088 9515 95171 95287 95476
95611 95701 96150 96242 96341
96348 9649 96820 97092 97480
97659 98082 98200 98230 9838
9846 98543 98917 99177 99233
9946 9969267 99740 99810 99955
