33556
148872
6039
22212
22260
49377
62573
2232
27418
126055
51796
53750
30643
7002
76535
59319
8652
8257
37723
31673
118118
26336
124328
140576
32636
23795
65850
150087
4533
7874
14636
27263
17734
604
4234
81280
4897
75641
7954524
53931
31963
58676
88125
49717
149367
144451
28784
53442
43009
124267
59215
10824
48330
20043
7559
117943
104167
3517
28660
11171
7320
6305
34262
27729
14842
55822
100105
19394
33788
55101
34593
25713
114248
48862
84641
43812
6025
19065
95019
5262
101049
3500
25252
125913
35062
50654
117901
52683
129606
64328
62036
5532
88151
78259
29895
124288
149011
3328
3574
1562
59390
57623
22658
71678
19426
10254
57971
49477
37244
7353
7318
56010
27099
27554
1648
153955
1574
10012
57066
64275
15955
58487
25380
12057
62322
14694
4491
13083746
6837
18979
1447
8435
15419
26466
34577
1278
10007
162605
31508
8106
68854
31910
48383
13963689
19429
112699
59316
18796
26879
37303
8583
29339
43401
44398
35088
38958
142335
32376
31472
10502
42217
68550
6914
6144
58518
27505
98284
125989
33097
62127
9968
31511
59143
18161
27298
48734
25105
136565
5155
73827
63333
11905
40964
27145
153963
25678
20599
150443
32479
13551
49951
63253
142569
1042
28076
58190
27526
11931
343
152997
142498
4440
32027
73883
48299
43897
73590
124145
37516
27072
61132
160367
31123
94207
20480
3505
9100
12249
46453
41331
6633
60654
6992
38143
315
119271
56939
163476
3582
5045
20411
48703
59929
19203
7579
9678480
9844
117788
100695
14182
2698
2584
151151
26222
41517
55478
151611
14080
47243
29847
13622
12402
43647
42372
129863
42744
34444
26837
4133
67320
30383
27042
3570
146281
42049
27484
3434
14977
37148
96463
6152
27050
160886
19413
101973
14557
4235
917
2463
14859
62094
29647
61773
26922
5834
40541
71499
3675
147241
59087
7278
12247
190023
25895
51806
31061
39466
13739
48642
1860
77673
50632
113709
38859
76831
52990
9983
1503
87415
11044
23351
111416
37012
117981
102586
17332
31679
17164
12513
43540
34544
90230
72302
12324
48995
150354
26065
55107
32180
129107
45261
20256
8289
1951
25842
100173
76100
39589
10295
11509
5174
45296
8297
53681
10410
18797
1157
155598
29211
151104
19687
153367
101221
152679
21516
31675
93358
26738
54440
133347
65749
33275
56503
29836
27677
67218
8975
16968
15230
57118
4072
12538
18731
97128
30885
43580
14661
156810
31690
21602
2902
7020
49336
76428
93479
14608
59063
161719
58535
84516
77852
31982
185980
55461
158635
6154
5557
3348
15233
44619
43925
79970
21467
152396
33677
13827
14150
26506
46692
4305
58493
93383
35374
6525
33074
13296
21235
21234
67655
159243
12026
153413
42771
58815
96631
160092
27591
27300
3518
29596
1670
26516
6155
153753
28964
5815
46695
40198
6523
14079
43622
3150
49059
156492
75823
79872
3097
18981
2585
53918
12510
68081
14542
17521
652
16038
38747
16007
44429
2534
30250
149471
152525
28794
73698
55007
49536
60923
44451
22982
124132
56583
154516
26765
18853
149357
24769
154154
148718
19237
143924
10995
105818
9916
1318
44184
62260
21872
124269
2694
36815
26153
22636
2390
9234
129012
160943
49846
64690
63976
25281
20095
40209
4532
1126
23600
58322
31832
24202
1458
66187
50056
87125
152178
40711
93508
12196
9801
52668
160436
3339
20338
130664
57075
76008
37867
112546
62185
46295
51733
114275
13668
15282
83444
27486
51728
15204
27048
4659
33309
56113
31817
29304
26303
67628
159843
150668
50872
38552
1618
7109
30232
26564
81305
20689
65819
67051
159538
48196
27659
99793
29224
5885
22128
78422
18622
7746
8938
20514
21225
47110
97023
23492
62915
71676
156319
2587
20045
20483
6168
113745
118178
568
45341
2718
40611
16805
49962
50086
153799
6106
57005
84709
23355
27713
149772
2980
28326
616
36514
27515
48610
5458
30362
11349
159503
111455
13404585
22757
6858
3561
43012
51395
9842
158753
61782
150964
58185
7368
17161
29765
3598
34251
30244
127711
38912
140168
7259
60672
106453
53616
124287
124246
84405
57949
63070
11944
86669
43399
3183
39192
144352
50616
13634
9726
14616
18547
30556
32694
10760
17545
26901
10580
76948
125618
37060
42032
134624
22188
6636
831
45027
25131
54152
21501
102079
151505
20764
30390
68210
147708
368
27746
74428
147601
50394
26626
101834
22617
5535
16067
27369
16723
19340
4704
40669
45850
53780
24225
17711
9206
142180
762
70934
61917
5674
17849
141572
12219
38363
102186
156557
14451
20355
14341
6146
113122
110177
9585
55887
62660
26763
149995
44728
45917
82988
76809
151839
44842
129950
14628
29885
159502
86832
10734
3568
61380
60414
57032
62423
158822
59633
10362
150787
62137
58103
6161
25029
30454
75681
108017
61774
26964
142963
20001
95990
154519
38054
80531
32561
12152
32539
1357
79986
16975
29296
16198
82349
11885
25145
118176
117891
124254
5024
9699
28978
2832
27547
13020
59552
32520
42164
3630
13285
5533
14489
88174
82071
45256
161819
12459
3171
15735
48709
57793
71001
5610
80147
20096
99333
6166
18803
31822
7864
20727
13662
83394
27665
27519
18716
33660
13494
157888
20843
54763
68665
14266
141334
15933
64298
64382
135582
18986
13597
37792
38911
26807
157947
29858
108534
5491
5878
142532
159591
14778
23701
40761
2803
26881
37193
12512
14448
91491
113027
42830
99649
31356
20259
80803
4271
34337
142513
27361
3753
93147
2985
15472
27520
26281
30397
31613
46179
31493
13215
124292
153693
16054
5223
129241
32453
75599
22932
18844
7887
113284
149054
5996
155713
103048
20130
90023
97648
32392
13307
27682
25865
33140
15330
131633
37979
62100
21669
75978
4821292
29557
10300
4073
37668
16583
57534
45174
10337
61900
2953
163139
760
12606
4658
14506
80102
63713
24070
13922
26755
22927
34132
32619
5982
11423
40705
29986
4838
86427
2789567
81797
77851
19437
23360
24924
55430
7563
117823
1034
3101
156923
93962
47882
152683
117480
10655
29449
11961
113369
636
30929
125920
3692
29203
76607
28707
31960
3579
20691
87779
6624
99785
148943
59882
58189
47205
48485
60813
22418
39919
46254
130592
1320
156727
1068
46868
60629
11636500
152344
99780
15106
5191
66303
23930
21156
3694
4815
159677
22867
40602
141640
79866
20526
63089
39804
587253
118457
89204
31497
57051
50797
146476
9915
4555
11045
48077
124904
1323
99792
83534
59189
28793
4974
33572
46831
125189
41942
58311
13775
18050
38017
3927
13656
11983
15541
106523
11960
38471
33850
47863
2878
128352
48237
26627
89817
22635
124251
11940
29188
9537
9503
4793
60058
3485
24439
28755
67804
14733
31544
75642
90859
60965
26315
16270
14721
5579
93983
6171
2278
26736
37317
83625
59144
2455
27510
349
10872
12907
47207
140411
20594
63980
1120
57181
43457
57800
1003
31691
45244
14992
72350
26993
14558
22369
25384
66342
3775
18510
22976
16002
22533
29568
160102
48424
25078
32076
29855
65794
146733
62315
5305
34123
99994
24291
40432
134664
158731
8842
147433
89154
30628
33085
16492
29830
3581
25057
55098
992
13539
22531
73901
66588
29619
54856
41888
84845
31676
42883
1554
20078
8510
96072
99193
13558
9538
35963
140068
143297
124220
5307
54127
22933
62667
46896
19421
2409
58295
153202
53568
145831
31148
152213
12041
26086
152306
33070
26947
27291
29505
50316
149856
146708
29466
86399
24859
63993
4316
13886
14316
20184
97142
80512
34450
8825
153699
252
31948
42401
59668
33817
39347
15899
53691
28562
7354
23354
67347
33179
9078
28359
125255
11091
54163
98769
1510
98629
3309
70991
60029
27292
16834
31678
44536
77349
94241
3929
72568
21067
123472
113145
8036
149029
26380
28549
18518
17986
4722
20413
10657
6768
6004
98473
10832
27869
63200
113138
20960
30080
10650
23881
97402
2990
38043
105721
15184
20172
34250
42135
13917
118762
2205
145714
58077
24836
106528
53586
9969906
55409
31674
16244
95166
29246
95206
81194
11941
9969523
29876
5562
58030
106119
73461
43390
48567
3047
1055315
44697
60761
51448
41983
58591
28004
153356
5464
37525
1667
100106
4121
159754
3188
18357
11160
1420
1173
143694
24839
21165
5037
3310
49944
25337
6169
88796
6306
62148
36784
12267
146559
6838
161188
19397
36020
8986
8512
24335
15529
40621
8984
2850
50018
153605
7795
65874
89801
52208
19139
144600
29869
25647
13012
1584
31590
62189
4341
575
11849
45643
3384
4538
23883
27379
68777
58053
93797
10758
9969546
22396
100579
27726
11919
5860
6504
47508
106280
43840
27589
26407
623
37378
124010
67536
47690
27136
3479
27527
124248
50195
28519
1693
96427
31807
100567
24700
40907
52752
6447
28657
57246
28585
29604
58208
68958
1741
45530
55966
34438
8734
1125
8595
96514
8447
70845
124275
54538
143905
97527
16679
151767
34497
36150
156457
4525
3256
29624
102725
99224
160107
26959
57661
53498
14809
19434
11889
27521
1531
32357
13310
63910
90977
60655
66682
148759
4278
9821
28185
92291
24728
158959
80231
5154
163043
8433
70071
22070
31393
58211
97244
29315
7171
26218
149602
35312
920
135653
7691
36103
48284
149567
29690
6164
39410
19561
14118
27141
12788
3196
88730
161330
1804
3515
33933
34463
10848
14935
32820
55046
143530
34979
74801
62240
128551
21421
147833
155840
27472
39720
8985
9969033
36149
29759
8231
56588
75934
321
39160
162616
15279
23926
30360
27723
7308
152709
31143
48831
14714
13866
67546
47133
5530262
23278
18044
31078
45402
15185
124289
32577
42435
39726
3691
19569
29567
28501
61870
26733
45004
47482
140588
10643
4131
33098
124280
45617
65557
63682
31890
30022
90492
4724
59291
81144
8146
893
17906
62328
66378
52998
25608
5160
87602
157287
3566
26673
32845
26345
159403
35181
55413
92294
19418
56258
48073
53580
23717
125069
18800
46979
108481
22683
34333
33150
106551
156743
14635
19417
20820
269062
57606
11706
50211
22147
835
10658
3491
12134
87657
31110
28788
10262
3261
67224
57635
58450
41324
59309
51930
19326
57777
61775
33676
51494
24855
12042
2617
34120
20620
29893
24890
153315
42094
98491
319
1721
33452
59871
3547
23357
97482
29516
1444
157482
156652
24529
18990
1381
93780
42917
28786
45350
123139
14637
24563
135874
7860
53689
42384
112460
46421
24941
27137
158403
27594
57855
44951
2240
44996
7974
6976
160017
3488
68168
83062
14862
36727
23902
3487
61420
88774
7969
28655
31796
19844
6642
86397
17557
10607
79614
59129
88755
43158
1314
62316
130098
26868
11765
4689664
906
87445
15913
23885
4629
29871
18611
28275
9096
73335
82447
160880
68212
24881
149665
73789
57642
20931
25860
985
46250
9250
19380
37804
124327
3594
12362
3571
21671
8834
27299
54791
59060
20957
26978
4896500
27368
50906
69606
11873
29667
16738
61776
18412
637
21172
14550
38941
45003
83246
30609
19095
48983
73184
65760
29775
141846
85454
21532
6321529
28199
102187
26853
31986
20305
19375
154535
18099
160230
75135
125677
29303
119245
162327
6735
100807
163142
118145
86209
151609
148199
11153
42639
84637
95533
160650
161474
34531
22301
56004
66343
48695
31048
15811
38417
63198
147801
15338
12046
73163
10571
10123
145775
14621
29889
117805
60519
28719
12864
27511
30416
45947
30420
98233
9475
9608
33104
80178
20688
5586
7704
56988
1671
65455
32857
5183
23240
32006
27509
98886
89684
60754
21856
72294
19428
34786
58545
110440
54304
62758
47405
20830
932
32125
38716
22690
13576
31889
44918
7208
22471
21668
30974
28339
25906
20492
125823
106369
702
146767
74642
8161
29886
21102
152542
12518
63746
7097
9969491
115976
3452
10625
152296
32621
32962
29861
54414
39063
25672
67162
118028
6418
12201
7270
27320
3688
57967
56554
144957
10355
15635
159166
12527
85160
71319
2557
72455
15540
31757
21906
34156
31636
36970
28991
52283
29806
57695
47194
19399
2026
162695
62163
37855
13202
47312
126319
112925
124283
964
45039
116004
19630
34063
12328
6679
2243
21951
20046
6707
48955
46258
15929
37361
3592
8901
19573
20233
157270
26277
26348
68749
59140
25242
2913
4945
45753
33668
48506
912
80185
25279
2182131
18781
28599
39854
50646
53643
35525
62567
156065
12392
39840
33103
30781
27959
146298
63165
161286
153647
87016
25386
5587
57316
87447
44171
20168
11265
13023
143931
14748
24046
40776
155108
28038
155685
9357
124303
12554
129442
29853
41794
31004
98773
46314
59029
100165
26047
30191
70067
30665
54200
3782
9969047
90040
43195
65441
46022
78055
20792
12574
58613
21666
64094
24541
62469
49371
56401
13369
29829
968
14547
45255
22726
63158
69419
52930
100451
57740
61778
37698
31194
75273
1101
27134
10144
5172
5028
77519
75400
26481
26391
7936
68379
29367
14610731
102615
913
27957
161913
18333
20726
58309
58561
4705
27671
3358759
6081
75843
71498
6529
9394
147349
24524
65678
99781
17028
31407
78361
158342
47050
312
47065
57946
29862
27130
64084
155029
17738
14792
63294
42403
2867
12930
17716
27143
74452
66314
13468
27955
38391
158603
69648
28494
68189
81638
32013
44927
11486949
50635
28190
50570
29581
3393
35968
149228
7215
68384
328
153559
30485
77694
3512
29291
28560
89756
141892
24791
3532455
129737
14003
88416
32627
55840
60624
70723
47440
98248
50199
160763
30447
32537
90250
27877
11970
92216
63190
21441
19272
69381
65419
9005
142460
9654
17665
21341
3314
62443
43346
1350
84977
15452
45779
3520
22368
90176
113051
15983
88385
5707
14674
30627
57017
22925
27498
5352
31553
3542
7545
91847
17868
76205
54107
117815
30194
158961
320
81804
18127
46541
48702
28466
33996
3593
32825
62310
7111
48746
6194
68257
20628
54179
16993
30642
26170
41513
2849
89794
21954
63874
89574
83883
43837
32829
66052
107648
1856
109099
44327
3119
27868
100756
63477
100302
148891
19453
2355
27055
22277
31545
90750
78295
11159
49357
29464
11900
62769
147055
63765
29543
45179
4966
81044
1127
67341
13065
4437
22187
45009
60969
102073
110326
107654
140812
29711
10917
88594
29849
22849
6114
64124
142053
2539
3718
47215
58050
73659
56155
72765
41816
52788
1783
20294
87448
21209
18828
2036
4786
14272
59793
87419
32040
145294
3096
33664
24157
98612
149273
34581
4414
11658
158594
26705
2843
86194
28759
36095
56365
54541
23684
13002
49774
36734
81436
50613
13754
12039
28063
3693
3569
14584
3194
8787
28697
14633
60410
44938
6160
33579
82983
98285
9494
26723
31512
27258
13193
7919
16765
14509
128127
33561
26975
89233
9226
56264
84160
70268
66017
31470
42633
28125
33264
117634
32440
50084
26606
73791
61825
78844
19627
5284
62326
24539
15749
17733
59313
22119
59035
253
60351
47322
21438
21889
41139
159474
66008
53291
31905
19148
30948
76127
13537
20251
37002
6170
71566
81145
592
9887
23683
44124
9793
59770
19585
3557
112236
29337
152093
46058
26759
103132
32744
3621
39428
14698
25684
62105
9999
59625
607
78141
117808
13313
34284
32707
83848
18676
26724
2283
30240
12502
148590
59130
118559
22983
32816
9639
5266
8548
4006
56151
34682
30909
81856
28540
5207
3882
21727
34504
97504
8571
37759
38437
21969
22696
31252
26508
58383
37405
9912
57009
6909
45377
215158
11038761
73686
81073
10910
9068
103184
126451
106483
105653
44537
6817281
60103
25988
16704
18583
2057
50569
9004
15434
47174
37359
37889
45193
56902
26910
19721
79104
1849
124305
10038
1668
33549
8087
1124
21407
20260
38016
156084
10851
5241
56737
19885
42448
5609
146259
6448
45118
11065
64640
19099
13965
30782
51088
149111
158176
10720
152161
93475
94414
154845
46973
105976
151757
12498
159965
33620
3799
14247
47746
87785
26245
10020
142808
44579
93739
584
58976
74352
152502
55957
25390
17941
61777
8031
25807
14548
39937
66848
3588
7763
4263
63516
753
19408
80834
44192
95317
9062
11039696
117877
42332
100665
116640
12846
150306
158794
161631
10717
71171
53653
32853
17511
4413
72970
160284
32414
65943
20563
7177
16145
39252
140564
5226
161808
54766
30357
6967
23249
16945
159076
56815
42375
54279
3990
29457
42570
834
159148
314
53380
26279
48592
42341
38745
49025
61208
29879
1118
5791
118156
1622
43973
142177
51460
61841
42153
29492
16487
1432
6528
98661
1330
9969030
103120
28955
144632
43453
97118
20031
73280
7407132
13147
17513
68133
40887
88035
59448
29912
26692
16272
7261
1104
44803
29531
26433
42658
63182
58603
26595
9530
106187
56147
3268
26939
41357
6467
20138
93324
49317
27015
46018
28717
91947
13106
42534
29933
48183
113945
13516
145411
19416
13153
144225
111091
149575
124307
2242
53904
54847
112688
7971
17650
8323
144651
159013
14808
59311
71013
77817
37810
17324
52836
98670
29643
160351
21248
63720
64638
7562
26944
47918
92344
21846
44180
161842
21132
797
12044
44023
21925
50518
7557
3502
42371
34099
21121
9969290
4546
61425
50462
31887
149012
6028
13608
65664
26887
25099
11823
5463
9680
60971
43155
51648
1375
14655
26628
89971
95418
158056
9969258
21202
4604
25370
118257
10893810
80688
21879
27396
52601
4262
43011
160756
4433
32132
106180
142519
80687
59030
6764
63748
19976
44181
102257
147497
39944
67626
2558
61764
162996
78260
36195
143653
130818
26319
26891
6275
59398
19415
9886
10132
32382
109877
80528
77237
38142
47394
25864
22578
147115
128240
63922
17
23167
3595
38107
124286
60812
154534
72460
1398
25053
341
36553
89227
108089
151261
14430394
6872
39575
30716
96556
56123
100081
76115
20477
18035
43965
87280
990616
6303
18801
3585
88467
74684
3387
15407
102456
161015
45751
2721
113738
19409
220216
42657
9826
27452
11271
3715
38315
1289
322
18550
24753
19060
39618
6159
45740
29776
2368
58059
27377
25399
31317
7481
22664
15741
35970
9457569
51063
56604
252161
69450
268
37801
144235
92772
27049
82091
45601
5052130
69271
54186
3603
21155
30190
36792
21112
124300
72900
162871
94258
21472
5619
17107
26053
93413
82900
7634
19423
14593
20022
9066577
16983
14866
45650
144889
3573
112522
50783
61772
60141
73629
147279
150084
142538
12217
22964
24192
29634
124319
32900
27524
26043
13973
28511
138040
158645
49687
38444
6148
8737
52689
38073
3486
6538
1047
152350
14658
20719
6224
14060
69698
97403
2672
106518
45205
67352
6162
30087
65665
23223
87314
63767
161861
50334
42308
22294
51121
10677
140301
78518
3660
4323
100107
51247
1337
98938
21548
819
19923
24865
9255
63762
48604
66213
14530
66071
38195
80550
60387
61951
84844
32824
3559
1675
9184
13083
44678
46454
32806
49566
19776
55480
19764
31325
52550
12045
124273
61285
3465
59233
3655
999
10721
22688
51589
97110
34434
19691
2978
46156
64691
29120
11435
137170
47881
4981
18537
48790
7001
124134
55075
61863
74039
21959
80689
53363
5368
10805
7494
38496
8395
30522
15759
14500
61771
37094
59317
5534
48513
47856
33076
1808
2412
34079
9985
48215
140754
29880
125679
18817
48800
66704
14555
55389
52020
63977
28823
31425
19017
31818
26731
155728
47726
13085
99825
161586
1113
151770
2984
5144
126702
29795
53100
23314
118117
149341
24104
88851
13880
30734
53966
58199
106456
26690
31703
41766
76354
3543
128723
46197
142986
142478
159744
20839
59032
23293
52830
24571
978
8208
11945
56009
29883
141917
13272298
13469
113011
87119
62476
5531
67632
156377
134626
151731
5153
11357
46962
118311
12971
9836
33854
2453
25812
23109
27186
161662
100088
7134
34501
33094
29881
13454
64297
22365
16287
31578
18829
25290
175564
9900
32515
18911
32822
27950
23074
25110
20983
21563
2693
20811
17811
68587
21004
21183
26699
45911
38178
14657
159449
56384
59683
124336
7458
25019
31794
108495
68389
29561
15756
36112
118401
12299
10476
84251
12633
31639
45602
67592
14180
23030
25697
23274
61303
32123
6723
67386
48120
9498666
29887
10982
14689
99766
10437
39903
123594
82048
117862
94183
7784
130852
44201
3953
91767
156419
2509
91878
40160
3648
67525
28114
21963
19216
13000
2111
26953
45000
4017
55420
26674
63112
53361
21537
67690
16255
124278
67615
98548
42956
3580
2442
9583
144259
4714
50120
9289
32383
93412
148709
2896
51156
3084
65881
19223
30189
3506
24234
59365
147506
13283
27504
67751
1265
7615
22047
117843
28681
162950
7823
95824
53070
147727
9694
89381
90694
20350
77749
55682
81665
28079
97788
14492
117824
17824
27913
2728
3761
29625
27138
126467
103825
9037
12445
84836
158286
9210
21866
5159
24168
31264
44352
62481
44323
46871
4645
162536
17682
95586
59670
60649
27125
16098
63194
25461
67767
103366
62664
1121
865
32803
14944
152395
6894
67181
41228
58228
56991
59550
98604
30713
138034
117984
51823
27597
8920
69622
27151
85990
7217
24463
47939
75137
27922
89773
29726
65292
85166
7556
26827
130572
60201
149227
5563
160074
35533
14811
63462
30931
62086
84277
109956
10719
62587
3442
9490
27124
20364
14660
2415
41315
28619
91981
72649
19003
32643
156910
3608
36140
51975
21604
7813
28959
118029
30434
161934
63905
29022
58396
16609
82399
1084
33855
73465
31405
55390
32367
31319
13180
162613
68223
30608
99956
63651
58832
113377
3216
53405
28026
14821
49543
67624
33079
105830
9636
29875
8794
31558
17718
109965
13424
118793
48581
36147
58048
25463
7036
10341
148888
12331
6304
42241
46041
14640
29982
92607
118227
19911
11560
16304
22358
36198
54067
35047
24993
3576
9969041
26389
67175
33148
51941
21055
93992
21204
22962
150378
27148
20988
19878
23256
42544
133772
7444
23737
18686
3759
37181
19695
74816
39578
117898
73234
75468
19094
25778
28345
55399
53193
45490
129253
5750305
9856
100396
75014
66539
23887
56017
19433
17434
149468
50642
28772
47204
20482
87772
883
50749
22044
1798
8448
1053
13536
11087
65163
12011
13540451
45974
41978
10162
47380
1379
16199
8055
156412
12363
150766
73589
25387
9227
86400
65769
85548
14495
48115
21203
69091
51583
29906
9052
7055
32833
6048
55425
51163
8057
8814
19412
21154
15288
52338
154051
13784
40309
99395
37639
29976
22596
13941
19841
31495
75051
1224
18512
2375
22386
21416
51502
18380
117944
66441
29470
30721
50273
17484
25646
48936
142944
8696
18918
83206
46368
34448
6588
113176
160378
124329
63191
6897
2738
14281
67327
124323
29902
150314
124334
25836
41952
142654
1820
108002
33581
54052
84434
744
6167
2282747
151602
18092
63464
1100
148706
61818
147499
60200
34572
9542
59061
57666
23953
29911
100051
21282
52127
726187
63773
3596
27146
15610
46837
94327
31677
53527
6320
63193
16961
44413
14203758
31209
19533
79978
3567
97535
17295
27194
1848
158726
50315
29406
163309
31094
35573
627296
13005
80695
33460
74294
150539
1498
14289
217067
3849
58922
127864
12038
22167
29443
22741
46783
44349
110279
82584
29898
12614
43702
61779
17499
28939
62436
8475
334512
84906
67351
31917
53535
28509
28344
58049
8948
47424
50665
81492
118020
27598
26236
11048
36931
10598
26372
8627
24716
5398
31699
25526
11348
4685
12068
43132
31122
55669
14394
99696
6648
19913
155825
73744
43856
31819
65105
12423
50672
21397
12918
25209
43295
92296
27502
19781
29845
60960
37826
98389
1117
39806
46921
55609
133040
75713
49743
155273
40544
149226
19238
86992
163364
571
216737
30597
160377
124156
13931
30088
63202
4264
24385
64113
63470
1071
19696
54340
50866
22282
152955
43387
5591
11880644
66847
23870
88032
26305
29078
63062
49910
158659
1044
13254
25474
2200
41604
19634
20782
64111
72205
19427
124266
1674
5585
47432
29872
49864
22377
14905
42755
776
59065
100853
89287
50445
28294
51753
23261
27921
62144
29900
34224
106212
20276
14786
15527
10876
2590
2356
29223
4899
24325
67535
51996
33869
21166
139583
131179
48224
39369
5354
22134
90129
21042
27133
59141
27795
89855
3572
5201
71038
46397
30790
154843
19422
45284
156642
3148
106469
48226
117875
67616
23820
105926
56002
87230
118573
160610
19966
118255
23488
19138
104880
18548
25111
8107
162722
12259
30308
72636
53684
54597
28365
27106
36876
27142
11872
78824
51476
448427
1052
16841
3563
13496
27787
23078
158484
75990
25150
3925
67213
3868
17695
39711
143842
30026
7943
3426
106396
14813
5795
153901
155356
135872
20928
11500996
9969525
98598
157291
30409
20710
153429
11566
10036
6702
40603
18652
49474
26440
124236
16889
106349
125747
80838
58085
14995
31779
90074
66665
100733
3945
29870
25516
14438
13382
62479
3946
37240
100485
25669
1823
28673
103568
6158
80233
9445
13582
12647
53760
76913
28231
2435
17645
25617
131153
149519
160942
5158
757
49018
105865
3944
15722
160165
29827
144077
161219
118031
6009
56829
30478
100835
19240
148056
63329
587
99562
87889
32355
33504
19096
54846
52885
58873
58000
65603
17715
64355
27144
149547
22931
33975
63519
157080
27432
26412
32400
42697
27836
43135
20228
69676
57057
34229
31170
66580
59409
22991
59419
124311
7438
5459
21237
30073
53025
27323
29868
30750
24701
51625
102533
143276
107831
44357
28342
33128
30163
26695
24641
19152
118169
146906
68894
46668
29361
6995
3854
26670
6108
9698
37886
31746
113366
34663
13674
93471
12928
16620
1275
68693
28455
21157
17866
53699
2033
28391
965
55590
1427
40903
6833
80690
13589
64049
6163
21336
64076
16499
20131
22025
19610
148684
4355
26814
21844
54504
160485
56448
86495
21531
23266
28541
21414
28911
6149
109540
54455
22257
28770
159862
2160
90851
50864
5340
75904
12023410
6545
24599
26946
62473
92255
90806
98376
1106
8034
61541
77457
65846
4411
17698
15634
46355
77344
43110
15985
33438
7335230
10483
50738
93910
124261
3199
80855
41759
30743
24827
45235
3877
143894
10829
6044
87007
151370
6973
19371
44358
3478
60896
101922
47534
9590
33570
18759
1102
23327
106016
86087
32114
11713
124302
24536
22880
28797
684
21057
68588
1899
42436
70771
39302
58643
24317
38521
4019
3552
22334
44098
7567
38271
94314
59132
17903
66513
82329
48820
32194
2966
31906
25437
28947
115928
42655
21589
89249
12377
21821
16909
147498
13698
21205
23951
15743
14287
50447
24798
4970
80034
8120
68267
70344
46492
60423
38724
25963
46192
105024
6147
13054
25858
23302
64233
24016
40495
11922
61781
16577
601
72103
2989
163166
63634
11005
26719
118412
29794
51318
2158
147987
28924
16865
99626
70888
7427
67859
33834
79786
76012
118099
103490
147819
21878
60565
76435
52287
90507
13272
55790
59580
8316
29029
102513
79816
27203
38720
31767
55798
67557
28919
102547
153553
45721
42894
12494898
63602
55977
11957
10050
28499
10240
21612
43402
10820
43497
57060
26735
161113
57797
9427
21419
153274
37859
60752
17697
8330
47281
45962
650
19306
58490
5673
3597
47932
9969596
28007
47479
2121
58047
24482
16035
22060
16331
19534
74250
31224
7996
158637
12591
43016
117985
5179
33092
125451
25952
99336
50543
48658
3381
37132
13004
4043
89408
9231
64322
43150
40342
79852
9969021
28873
2359
41059
45356
27517
46115
7205
59437
31324
116081
2305
64197
37172
60728
101775
62576
57966
5136
19181
18869
85377
60472
36141
7040
92983
1226
61013
124293
71002
30787
33089
59148
63295
29864
2293
68784
26326
136340
80712
3140
118296
117876
19090
62393
7468
124322
34571
63164
16269
9517
27584
20680
62103
62136
52706
18954
14893
32395
18840
59059
151866
717346
156227
31870
151643
73033
23331
155471
18891
55038
84816
46929
147452
32626
147451
98396
12496
11275
21412
4114
36963
82312
161664
12827
25462
67330
38250
2270
24901
7386
12593
152179
87600
7226
9969486
147594
57611
25993
3560
42902
141461
30871
53411
18802
39460
25694
27731
78084
57852
2973
12869
14424
56006
5339
155705
15425
92493
50028
88264
56570
19419
2155
25513
9816
8021
70079
50610
7010
56595
352
6151
154504
58269
27493
38269
11777
6584
47070
91463
20198
12119
26780
3659
38200
140840
38795
5611
67548
12058
3331
5169
57825
9214
12237
4324
97129
38026
53508
22074
1522
10325
48773
32083
11550
1086
151947
7443
20851
146228
11537
104106
127449
5537
13934
4618
54537
61821
118100
90169
5997
246
69877
62615
13638
45478
58400
78804
33614
26398
10922
86354
3541
30567
64288
3829
129778
156157
12640
11421
64653
13127
38141
3048
163424
16548
14139
45325
26852
30464
27789
24301
31200
40624
64634
13650
4909
10659
48789
99406
159954
24671
30911
957224
49154
78278
43111
13954
50600
64505
158958
39600
26921
19119
6743
80014
38913
85417
27017
20109
4155
12931
14066
63197
11410
16484
68914
19424
17938
31682
49870
67627
7948
4220
1159
105368
40540
1204
37763
19341
23516
34919
62258
78133
61848
42550
68312
12643
42516
40447
18358
88631
2259
38887
159262
13248
23699
14853
81309
106423
9473
148654
67622
50523
10926
36102
44786
45140
3185
57903
48511
29111
62572
18766
112458
59927
10542
20631
13314
73057
13949
46116
13218
79196
10771
73181
67036
47049
2997
117928
58656
67614
17893
78235
159379
62569
43633
44609
80030
1050
28888
17468
65416
19910
11511
3554
47654
6518
600127
10488
30368
63669
3540
29506
22297
37644
69582
8020
3513
96557
350
45502
81477
69709
61461
102831
11364
1266
57743
29104
94396
132162
14167
44427
44391
156622
43227
29510
99367
99768
9084
26955
27522
24179
76900
15906
1598
37994
20884
28
4018
5977
33495
15822
161478
13630
27721
7865
33083
28282
9965
61994
48117
59432
48576
100178
9446
50164
317
33543
26762
19403
6145
21266
45015
19661
151678
48495
1147
4500
86073
21598
12819
7149
1736
19089
8116
24212
216692
54097
14697
56287
105333
30286
30585
37451
152238
89867
19092
15763
56043
145333
26460
39453
31931
5200
31821
4223
6861
54881
16715
20743
5606
58002
150604
43199
51870
15372
9852
17848
34496
102325
88204
40503
133906
9063
81341
50457
28424
29951
116263
161351
73187
19221
44006
23283
13950
3001
69177
18280
30419
5712
56665
19129
3472
88274
22352
158270
58411
81718
73549
35980
11892
32296
3707
3798
162913
3841
806
42740
30347
57082
45520
576
144729
81445
23598
23132
52185
3308
20855
4344
21091
38160
27503
719
11058
58192
2199
44571
3534
3332721
9969374
59591
124325
1222
8719
8925
31019
80476
84568
9691
44497
55600
109960
9786
11389
7058
7748
42656
47366
99922
11172
7754
58531
90832
11821
15259
8098
12989
53593
85791
37878
19411
12227
6661
148216
106486
3297
23296
10769
26510
26655
71900
1240
103137
58175
18540
145172
1282
9969250
8813601
11549
106099
56919
48210
39798
43698
32345
12418
59435
7769
154569
22200
22357
9369316
14353
48484
85149
85420
27512
42875
29888
81252
31942
38865
27056
46976
2588
125755
5568
79694
73131
19454
85046
76145
81810
19439
52001
79284
11791
21413
15945
47320
3687
58437
40467
148175
43595
58153
53910
76312
19213
118220
61828
46791
19395
87400
58210
157342
29873
59681
51471
106466
144742
11591
86022
61581
11093
139999
13047
6516684
53465
29779
47491
5243
35939
5212
7542
51771
59154
4902
9254
156354
17287
16847
92720
8952
16047
47069
19778
38980
142857
9568
5162
67034
55767
28432
64632
44110
4357
31108
55241
80180
24386
95407
63168
40434
59436
9468
43066
135486
142945
2255
10613
46051
59315
48888
73223
63854
79259
21621
42024
66529
21882
9557
19436
12525
30862
45020
326
43381
75463
123369
10731
160752
12037
33625
38532
10317
36022
159833
162915
13794
124263
53675
45019
27140
62246
146569
61832
152385
58152
114492
24448
59543
19520
66522
10203
54197
11630
123637
40463
60350
102255
5755
47689
4867
38491
13548
54271
54786
55238
32828
86379
85867
40193
3676
15340
45187
23544
6793
138377
58052
49964
2399
21159
60950
44615
32508
48270
10352
65241
21567
24436
143246
14511
3053
30610
30195
30646
79980
4236
124313
23788
3787
10122
1076
6334
71041
106468
58938
59783
12952
85541
44347
82216
23405
64843
14659
5682
30856
19909
52905
52658
10809
48078
23292
66526
98887
160748
51496
8766
5386
37435
30901
28216
43969
66208
43187
48148
59244
26718
124309
31820
82592
3716
160239
11667
50971
142952
8538
34623
5854
25673
45796
30681
98166
85705
14522
101623
46971
15583
1512
155024
101576
34852
40653
45653
37255
34271
45983
13123
3728254
151017
118001
3482
7429
56200
66018
113839
111982
16956
38511
18951
2759
56962
59509
7397054
28378
52238
46221
4228
50800
62566
93458
26637
14061
49235
9798
1257
38488
83196
63458
24405
91299
27066
42303
12954
15482
51925
49950
55828
6110
159319
113529
43811
6156
84306
60403
5656
94869
1218
117916
11443
67729
27690
65321
10161
48207
21622
31245
54915
40423
1731
124253
27139
3923
29777
58130
41401
154588
33965
63063
17502
128878
59847
10640
132469
16136
98930
32758
160396
46199
154702
67629
63521
53010
1033
63494
3367
7917
8682
13947
7046
82241
7895
27513
158456
15761
59128
23595
5147
96132
15750
65141
102570
12726
157413
11438
33122
4369
88880
26722
55958
3852
34465
2920
27736
90101
53022
109195
13261
17667
23257
31637
143915
42028
8961
66216
156283
30509
162565
3664
34917
46882
105556
6
3783
21839
73212
48883
100260
1961
3161
16431
28960
24491
35223
47142
17684
16638
3014600
7926
5621
22280
42884
54043
46694
10107
54994
27093
12476
38236
11972
53037
29938
21450
29478
17267
105260
2150
5150
7736
3754
117858
22634
15010
128707
47334
27187
61783
25514
39808
37795
124333
98593
18231
2666
26996
51309
11628
27693
9795
42944
88152
138422
9969019
16478
3511
45965
37883
104458
31810
79990
143387
3473
1801
69803
20085
160352
31965
13552
14678
21730
30314
52858
5589
13556
100431
70741
20027
23185
63681
102746
12857
63181
26619
16621
46297
55262
40263
82211
4198
52955
25283
15972
10584
49459
26588
13888
42587
162710
44018
13762
25139
65382
21931
38155
97211
45836
54021
64414
625
30322
149525
22633
21845
20722
49211
13534
49552
47461
28052
153042
22046
27295
21635
61320
85753
6441
64218
25917
78483
71672
27370
30989
8
3586
83093
70082
118107
100134
22715
153319
3507
26696
148656
14585
67038
8178
15981
2436
17092
44102
29878
29256
52674
1753
48357
43112
52966
30315
12360913
11505
146150
47043
26697
148708
26835
15367
14549
22988
828
34239
32275
56159
30193
5599
137495
58627
5139
2394
78291
132941
108158
30063
19596
43462
62338
50832
22375
1977
52288
25086
55634
102543
42743
27132
38330
58057
827
27101
36662
7750
44274
26813
17158
27719
39174
11651
7150
4337
66094
52951
3489
28932
54411
38069
20929
143939
7340
97505
21662
67374
10052
5007
26713
24459
32153
12280
17840
21605
156501
14069
140836
14956
31329
3483
131147
67334
43020
3326
3771
151849
52479
38794
38208
59304
22766
7105903
57867
47138
44994
29041
65829
33080
117945
10397
154417
19410
42138
26710
9376
10730
44074
40492
31778
71486
40191
62658
4627
23729
87517
50718
346777
14945
117998
8770
125291
162748
157489
64018
15760
102161
11818
33107
37288
26121
14493
145376
2247
20772
638
35932
86802
67387
2873
27514
81839
7986
17736
143381
5384
42820
8493
33679
23252
28128
48915
52551
55648
152855
42879
19435
10849
154336
140395
18793
10708
65117
1095
889
28799
56005
43170
75858
1388
13568
83414
22777
142646
102457
9207
42912
105821
4102
8789
40605
49419
25205
18993
11859
21280
19235
129629
50932
32501
13429
58403
26365
1393
11962
162994
29904
65737
80879
65607
18226
21188
31823
50186
154221
9969036
4709
22971
25890
100962
12672
69243
67636
51277
14529203
22940
53200
80015
23668
19575
57914
21747
124225
12503
1430
11925
9969482
29852
2300
5787
43010
5569
72454
57255
161816
80823
3081
52560
22016
163126
33650
19847
35961
1287
27565
101749
40723
31042
47739
870
71005
11590
46631
84602
5492
85120
4877
13113
5286
830
5989
124452
27539
162378
27880
4879
22032
84833
82325
26135
3516
20255
833
134023
15366
86544
23258
61854
36913
970617
4161
5678
42295
19861
9277026
52099
144486
9586
10641
104549
36604
24615
8413
67509
32063
7107
13221
19000
146915
38392
2749
37305
74672
101987
158902
15159
348
113961
30789
80691
16587
18294
4120
32346
18442
15265
148554
3474
143029
47039
100184
29206
48897
73784
3476
17987
86988
32088
33058
100944
28010
49656
30884
24037
25518
46960
5952
86702
30922
28205
140636
53176
29722
45580
33814
140544
49095
8628
80694
4209
3819
22285
5143
37601
11822
3544
18675
42073
27293
86568
25847
123839
8184
10718
161231
45560
118305
30321
10621
33169
51225
53829
19438
29899
44155
7752
27077
27204
37382
79605
89125
29905
156667
853
29497
42756
741
154418
59560
74369
124249
67527
71039
74906
49530
50859
591
6825
25151
9007
27673
3018
18798
68874
19557
59026
39162
23236
25436
36023
5564
21207
149403
699
9295
22953
10395
9969496
27523
46748
5868
75410
60218
49305
23838
33976
49694
67678
31087
118297
52267
37848
54723
53534
33307
62126
25338
33142
45508
48895
32751
146784
21695
10675
160415
23092
33296
54072
30231
33704
8638
45098
9964
31864
16741
14351
19005
93974
64114
50581
33923
5727
23724
161370
18588
41841
30370
41424
32547
19832
73668
769
151920
161239
89781
9969253
53766
74899
27552
94115
22979
3749
19398
145423
60708
63467
106452
104467
91291
142727
113550
127567
152975
58694
3195
41412
50313
18799
15609
1191
39255
42393
7173
70746
13946
11855343
9666
60404
14425
90850
31050
15183
40122
102991
118224
12245
144412
18311
33547
50127
23344
605
20674
118173
20160
33078
29289
42260
152539
148707
2744
14710
157924
80582
29456
33602
33535
27360
90219
17963
13056
32330
77824
31007
145992
125689
14481
99378
16251
18346
10396
46180
3584
103914
47883
14185
27747
117108
27668
98256
49445
29070
38397
7128
91151
23277
22613
128336
42288
3577
64278
35534
65818
21802
11767
50498
62257
24665
21293
63600
34354
161534
51133
53002
81437
160984
22221
61968
2748
4004
13736
39293
69507
8283
4020
1981
142536
5624
14691
7350
1107
124219
54393
124296
64193
20110
15427
30014
47626
707
1784
29277
11095
50388
79963
9803
29401
68313
1493
84258
602
9176
13721
14504
3337
895
30016
96562
754
20885
6521
102901
56044
51830
37061
44379
3105
29867
29563
160093
54529
11943
53770
97586
87876
17109
21108
30313
58835
45276
44632
47471
23352
11717
37437
2239
826
61769
26888
927
19400
8874
50129
3555
160671
27399
7753
23507
712
14924
125863
52490
21469
8049
24847
71213
12360
14634
31008
27662
71316
45909
97538
3504
10656
149796
118161
11096
22383
37728
47423
58631
55829
37468
345
63196
11576
18850
84152
56954
30831
31825
9194
61707
66854
15639
124271
2895
61036
98237
12040
770
62865
162899
25482
311
32915
124284
12110
21643
42428
1665
6694
54333
10806
29903
90759
45025
69623
2981
19091
144133
17950
43674
158152
2156
142248
33086
32757
156271
114257
19194
38723
40835
23016
37946
7348
28003
45487
25992
11813
64596
100182
12977
26704
52393
84857
98206
104993
76118
48750
44226
71321
113685
17533
29014
87888
49898
11468
29910
34124
9150
81069
140980
20456
45842
15931
31634
44821
13619
25118
16140
20909
45365
1080
56007
21910
162900
29088
52895
19179
91351
64154
37755
40963
75623
124250
9575
156454
25358
29882
144172
27497
22802
148404
77154
19628
15833
34502
4206
68063
9344
4311
159408
12200
160408
39890
25115
23554
62765
85163
23999
61033
35931
88698
5301
53538
28318
97342
42360
31135
47141
146016
124332
30407
48848
30712
94165
146857
23894
25091
5640
14243
19837
98779
8046
33920
58146
30579
99177
19396
29547
118204
28393
23050
47108
3133
33715
99349
45565
3825
29560
20265
8076
156715
9273
28496
7518
75896
149035
55548
28552
64109
147509
71306
117814
33601
34292
15939
31824
30260
81063
93794
5240
247299
30846
13129
90266
73909
148600
44624
30002
102878
87218
99770
11829
8440
22198
32397
47221
98932
144479
82770
1898
54038
48798
124279
14528
15011
152460
17058
19093
117855
13220
29373
29055
29327
50842
14503
61556
351
18427
30671
46501
163201
7812
104702
12071
47284
51030
2829
24757
39371
10010
158506
15310
23877
8172
11279
76648
2091
37102
1007
42077
51977
4117
1237
18063
150054
14239
56550
884
21539
31777
53161
40369
29251
14969
42983
51647
129527
34357
118123
22041
151784
9746
3271
31815
71584
730
7352
51633
1945
80686
16764
12671
14614
133425
74340
146070
91911
88181
33829
88798
12158
12604
44677
83965
9923
52841
37827
81227
152377
10601
124321
18181
10873
29689
16879
143800
37070
40856
3843
17801
33562
27703
50657
14885
157599
27131
117826
287150
38023
25326
87214
84647
43028
15438
163270
98751
5152
11451
17975
3729225
12682
22177
3501
31901
16958
3145
15973
53226
67948
50314
850
61960
57052
8188
4958
29907
4818
57458
27542
17632
69950
70207
19171
7402
10386
28746
18994
97725
56056
62178
20780
14796
22767
117942
159841
70377
866
43260
154757
43178
49000
16630
12314
44382
4707
19229
98623
25108
88199
3503
4979
68536
38385
26772
4156
29890
31720
143458
155661
96593
40199
26774
1499202
63718
47560
37259
31070
60732
333
100136
4085
152254
20532
45644
62662
43
161362
70563
23966
28225
29860
30032
28709
54059
96418
45354
81458
22893
20430
18680
89424
346
952
143250
20397
18067
2586
18794
29347
11918
18017
8016
89785
8061
8066
11030
24322
37651
10079
125603
27507
146111
60345
2788
111463
12358
17555
41561
29799
55979
29659
12197
90229
30196
33686
9305
17526
3857
31025
13241
117782
52791
157278
3575
31055
6541102
31157
18762
8570
27788
58628
25941
57207
14639
81264
94411
113194
31226
26267
59857
47478
19749
113678
45078
25510
3667
22701
49194
39387
93042
5250
54106
27803
82362
10444
53055
64112
158872
3530
21415
29343
249474
28559
42985
79139
38416
2092
47915
21908
14138
9157
146710
27961
29866
90572
22387
103898
32588
20447
152716
27923
159984
19703
8775
22942
120738
26721
26706
158756
9470
2254
153120
52096
26717
10485
14344
24127
81121
124314
19775
715
4334
58061
63366
33899
126041
30548
4515
46862
45931
53367
82125
47010
28400
80684
49134
14798
48505
20449
124310
4309
1073
11764
1768
3508
162751
13933
58220
93989
60190
10907
323
124255
9969485
17236
53394
98027
2968
15449
59055
22114
67154
23620
23202
7998
337
25426
88716
44228
38019
147248
90833
66420
15896
22420
10626
13422
16526
54976
154550
23874
28023
15455
29448
19646
82750
66779
2420
78874
24106
37344
69239
2854
18815
15248
70853
156890
63968
143042
8040
65650
29797
31017
52059
124315
18726
68605
143315
44676
13214
59112
33077
127258
16180
6412330
58626
84045
6302185
63055
16081
21198
28201
30501
3983
67541
22714
64232
29386
28218
50780
21141
80535
46366
46678
14572
44163
3475
144224
39450
67544
27053
27518
773
80401
19405
26815
156355
89784
20030
21495
10994
15249
2542
48333
29372
98286
10649
142994
3176
59797
28183
22922
34208
31023
30920
82364
88701
45614
9460
20791
19402
53035
69320
3431690
124276
137218
697
80615
10167
67780
50676
4255
29850
57211
124776
51880
52264
156349
18464
18558
16062
92261
24500
28049
47323
46012
45164
58056
6473
10973
9787
81061
3468
16549
17084
3556
30923
92476
124294
24292
7528
5027
14632
18711
64260
44969
85814
25869
9969026
147208
1591
80659
9556
31811
32075
33
40601
51950
6248
63029
114376
5538
3206
20819
113177
44500
7221
17504
14656
51663
1133
28057
10728
96541
17702
101830
2121008
33054
1487
15647
7190
16627
22408
53532
70130
41899
4640862
11605
29863
5111
42749
61124
59138
96623
37144
3844
17538
12791
39373
143316
37897
9969544
13273
7814
53663
23356
60032
32004
84540
94030
42255
25340
80363
44186
147629
21249
55616
73036
124318
82794
5364
67648
7771
48222
46430
49748
33525
29258
96717
71090
152816
25362
60354
79552
31518
97358
19835
3632
34984
40464
30946
65795
86891
113243
53482
86454
23225
52651
144063
57081
59603
53526
2465
49216
15413
163007
63188
3224
1462
69067
5837
608
145022
157624
32352
53868
25049
54890
5217
47670
64070
141036
5594
955
3291
11165
3590
219356
14101
63598
29262
54446
3193
29534
42339
52868
3490
9387
35973
118215
17980
8338
2531
19600
53581
3591
46437
116722
28835
15297
57093
130095
32130
16057
44322
117968
89082
2589
86934
6509
24725
21033
118254
100100
25623
17548
73399
8427
11308
77001
148596
20649
76211
90131
3028
63418
12023
4785
23199
23502
20148
26694
39258
9013
162677
28001
31402
60086
28256
59146
12298
23358
52956
15480
34118
56985
59712
92674
40459
56008
21660
29934
88243
22916
54921
23730
65121
99659
80693
603
88046
10220
6683
30487
14692
101937
63815
17685
35959
31582
3002
658
14589
29908
21352
6213
38480
33188
29727
36148
28516
100295
2318
6815
101121
13067
31443
32338
90845
1725
38533
142312
9969016
29874
38703
115336
2837
9850
155639
23228
88088
57736
42772
59620
24966
3258
162867
20656
102449
98165
9959
113314
76736
52016
3562
144333
62282
3663
4088
74551
6245
90338
22772
3971
100299
26892
578
26900
154766
63979
38112
17005
8951
61908
1353
156044
24224
83235
64127
2205598
66271
16833
29857
17535
24457
42270
43228
2434
85501
40194
20112
105799
52336
12225
4245
185959
12268
63056
1465
16863
41518
5157
10864
9622
48156
99875
28783
6157
58209
13441
24359
9398
51842
82774
52398
27882
829
7166
24528
1590
106533
94539
6351
5684
12524
39883
5265
158633
2461
10801
34435
14684
47303
55276
5895281
5536
27785
33073
155258
75621
606
33281
5156
24773
15105
68580
10159
14517
25124
20275
30851
124914
9605
8030
157247
124244
5256
67335
22267
106524
703
25492
2574
31476
63768
4347
88807
58148
102754
52721
26045
4683
11938
36021
154066
63495
97362
36024
59626
29926
62590
90690
52402
13178
65641
30921
3564
698545
1122
97020
15762
145278
20047
159910
43208
645
55050
62907
31642
33667
54750
33301
60860
57652
43344
21484
63081
117399
28048
45408
10817
58355
49100
5670
29573
98686
25392
22116
4409
28505
19420
6153
52719
32666
38360
21417
46152
1099
98763
4976
15778
33147
1377
69839
103116
7086
36590
49426
29606
149314
58963
85066
13271
13245
15243
574
23049
12252
80337
33615
16902
12953
57529
1077
3531
22937
14662
26290
3714
20704
158684
34453
27294
27174
15979
7836
15096
87520
60339
8782
144902
28802
12508
26486
5171
29249
157705
55722
51473
718
30346
29008
66509
26863
117983
100355
133595
25643
2848
80820
8337
33075
9969028
147250
61711
7947
148398
45014
87275
49647
88729
28474
134289
27516
29884
47936
20118
124264
3108
64110
5151
17512
274660
77859
13006
6241
61765
60959
15595
61952
13581
3558
3651
34158
30237
17252
157344
8581
17308
64239
17219
39633
158880
12364
14510
14305
13166
32875
39844
49199
87362
18561
51891
14253
61780
9423
31378
11928
47234
32320
98157
10833
37027
48797
4008
647
103139
26033
43082
59116
47489
10092
886
14497
22299
124257
23464
24939
31499
72158
113339
98090
3709
47408
29956
21500
16885
16626
18677
58021
63201
93440
73043
65249
54714
58149
30228
20225
56489
19401
49840
50193
2045
29851
14564
22466
26831
19109
14339
26106
25485
9969547
18898
20720
48202
89688
7764
46665
804
78503
31473
11395198
862
26732
73915
37511
67342
26099
46103
37951
2592
14124
25833
32396
42659
116603
1382
28880
40246
14455
160132
38081
9386
4250
152956
140317
62472
50913
88688
105819
60402
27506
154990
18417
132855
43071
23460
3444
110232
34874
142107
1219
30392
42109
11869
48855
28734
23208
24462
102877
160621
118236
18795
63003
159347
55753
37173
34076
51413
23599
19650
67121
48161
88421
12017
23927
7912195
3238
31163
22263
5904
39462
11611
76306
69797
126548
49767
33659
91119
43369
47274
1215
161075
570
9399
67214
45465
5940
31044
79298
27353
19407
6120
45044
29844
20081
3391
7745
68633
1352
39408
32894
44612
56055
21769
6722
23243
38388
124260
68249
3179
43296
58975
148778
90433
143980
73665
147206
141921
22441
8139
75789
15035
12494
155353
21480
70028
5947
5325
18789
21145
5767
84016
23353
71383
113510
69484
11280
52645
79293
26554
30074
26730
79617
50061
51445
21122
4672
50393
14860
88517
55963
98034
27508
27996
117844
161455
4483
15333
4872
34405
685
82039
23695
12261
33880
948
147495
62195
48401
1225
59071
27135
41470
16303
9852159
989
3021
70995
363585
12624
8797
37458
29877
61736
12043
43259
63195
73050
44562
51034
143017
14490
80323
54177
60434
756
313
65797
1103
52834
12128
15500
59472
21867
40675
1364
57012
58390
25313
149632
69269
30093
33515
16151
45837
8416
88924
87675
30192
46733
7219
9969257
81149
69518
32686
34236
109584
104146
7495
52364
69699
144190
25626
45916
59050
3706
43801
20705
59254
56242
11865
14641
40485
10665
21268
10351
140595
62235
144151
43463
94212
3657
2591
39246
5774
27564
20535
53725
4743
20094
31037
47184
157892
33072
33534
60830
46450
9968919
18792
151412
11388053
44881
45211
13518
